0 1 0 0 0 0 0 0 0 0 1 1 1 0 0 0 0 0 0 0 0 0
1 0 1 0 0 0 0 0 0 0 0 0 1 1 1 0 0 0 0 0 0 0
0 1 0 1 0 0 0 0 0 0 0 0 0 0 1 1 0 0 0 0 0 0
0 0 1 0 1 0 0 0 0 0 0 0 0 0 0 1 1 0 0 0 0 0
0 0 0 1 0 1 0 0 0 0 0 0 0 0 0 0 1 0 0 0 0 0
0 0 0 0 1 0 1 0 0 0 0 0 0 0 0 0 1 1 0 0 0 0
0 0 0 0 0 1 0 1 0 0 0 0 0 0 0 0 0 1 1 0 0 1
0 0 0 0 0 0 1 0 1 0 0 0 0 0 0 0 0 0 1 0 0 0
0 0 0 0 0 0 0 1 0 1 0 0 0 0 0 0 0 0 1 1 0 0
0 0 0 0 0 0 0 0 1 0 1 1 0 0 0 0 0 0 0 1 0 0
1 0 0 0 0 0 0 0 0 1 0 1 0 0 0 0 0 0 0 0 0 0
1 0 0 0 0 0 0 0 0 1 1 0 1 0 0 0 0 0 0 1 0 0
1 1 0 0 0 0 0 0 0 0 0 1 0 1 0 0 0 0 0 1 1 0
0 1 0 0 0 0 0 0 0 0 0 0 1 0 1 0 0 0 0 0 1 0
0 1 1 0 0 0 0 0 0 0 0 0 0 1 0 1 0 0 0 0 1 0
0 0 1 1 0 0 0 0 0 0 0 0 0 0 1 0 1 0 0 0 1 1
0 0 0 1 1 1 0 0 0 0 0 0 0 0 0 1 0 1 0 0 0 1
0 0 0 0 0 1 1 0 0 0 0 0 0 0 0 0 1 0 0 0 0 1
0 0 0 0 0 0 1 1 1 0 0 0 0 0 0 0 0 0 0 1 0 1
0 0 0 0 0 0 0 0 1 1 0 1 1 0 0 0 0 0 1 0 1 1
0 0 0 0 0 0 0 0 0 0 0 0 1 1 1 1 0 0 0 1 0 1
0 0 0 0 0 0 1 0 0 0 0 0 0 0 0 1 1 1 1 1 1 0
b y r r b y r b y r r b y b y r b r b b r y

